1
3
5
7
9
11
13
15
17
19
21
23
25
26
30
31
32
34
35
36
38
39
50
51
52
53
58
59
100
151
154
159
160
168
179
180
189
190
195
196
198
199
200
205
206
208
209
210
211
215
255
256
258
259
268
269
270
274
279
281
282
283
284
285
286
287
289
290
300
351
358
364
378
394
396
400
401
402
408
424
425
426
429
430
431
432
433
449
450
457
459
461
462
463
465
480
489
491
496
498
500
501
502
503
504
505
508
509
510
515
518
519
520
521
535
536
538
539
540
549
558
559
560
567
569
570
578
579
580
590
591
592
593
594
595
596
597
598
599
600
601
602
603
604
605
606
608
610
614
615
616
618
619
620
624
625
650
658
659
660
661
664
668
669
670
678
689
695
700
759
765
768
769
770
771
778
779
780
785
786
789
790
791
792
793
795
799
800
805
806
809
849
850
868
869
870
879
880
885
900